1392139497
1173363745   658380124
660706996   237283308   893063311
691862821   70619816   15962431   157209009
1845753114   1300299036   269228284   1654294416   1456064697
1937957353   880731012   563837414   1507469849   1726032214   2013299216
1305169026   1661254061   645066714   2115525420   293886988   2043468792   153509989
1628608800   2113487365   112644815   1792644169   472815720   651319904   115279526   687932241
1299528951   94894093   255595661   2126436626   1475658354   1372858809   426236191   1388850462   491808023
1871765971   493272216   1711040280   292784169   391639191   1425134133   1912039638   954642338   2084531048   364172873
162773939   1709160841   104987631   1178412735   1924135937   715767633   1643933598   333277601   175071344   1394601963   1204679366
1134873770   1358878337   627724290   606436735   1307875853   205709460   1757957743   188916101   1211232544   1060538734   526350010   1994689554
1588432833   1656265980   2078490360   1689511695   1742896045   1654116367   676587967   59046978   1390386850   1232980156   1852555529   423750226   1499566870
637109792   503742023   536612316   740742880   1510121674   469526477   1786394105   227136260   1892947886   718550650   1318657369   794128988   1118930736   873440725
2026751177   1966488398   1253039503   52260318   1676411344   1668533022   1376430322   169571099   1306113398   553500183   1567254505   1988488291   1766313081   1997028716   1912920415
782902494   20945588   2037557176   63204573   1244277764   1403364913   1274019080   55167286   2046838343   1696941066   461509018   1922290930   1625193060   529227216   1615407543   219472315
1763870222   810346385   493617113   728536198   99786368   261391201   852416189   1927572781   513310379   432049033   1545237087   675698071   1554487805   177173527   2066251736   1486225398   806772341
1109025887   2028357895   942201784   1399239365   1903571008   810373088   1794292029   608653182   2081278507   435344836   1853567608   948222636   586636279   940662978   671612128   1388393680   891334750   1023828374
1698584211   1031831141   186374463   1724229759   642638649   1488530781   728191484   1789379120   1872099158   624034370   633577005   125148000   922293095   407555575   1004480172   1100751702   1182351664   1712527900   1177808255
1555323737   782372733   931211950   1333969653   1972489490   1992716240   1490235373   116844948   1309066282   707540097   1351155226   1582124814   1178881794   1213768599   615882923   2092444200   1426600732   717807821   52080072   1139268632
459299911   1190436962   681460484   977843875   682039498   341676536   190900961   1007690418   595482184   2015791200   844331611   360165422   938471118   2010113555   1849301642   1963975525   1317403132   739674334   571814405   1446098194   707713838
1844648614   1582800588   1734059205   972860476   859846057   536361000   1022425847   1720612640   55193279   1539013220   2039139354   1177428874   1613714231   796472992   683550241   664317463   2128802397   697301552   927845833   427374079   836437983   1738180456
1830299366   687836432   2066031142   141362772   1191864505   744718616   691934524   247668391   1183465791   1786317144   1711600840   483318316   335234297   1685836438   1686745621   723577249   1922192339   1135892613   1689551326   1060121965   1170805206   1171820355   1907370681
1256403074   379736609   1835773091   426199885   510018327   1059011564   966966262   1022118812   633958068   1002222778   1082841894   1147749331   1288978300   1058778214   344602894   1018470093   1103231067   1493226233   921447207   941435892   2043783964   2037392465   1977684032   1692773474
1273241566   1071938717   250837894   535933233   1911486949   1224734051   1696361422   88552875   1241608110   424132498   937387111   2050997748   934110802   471976100   1573209801   1596648040   1341511836   1084394542   1186224170   599285587   434244478   1206014388   1632781759   694079581   1191124437
834673841   644419344   1225218109   1327115141   1348156181   1427380025   1034197570   586004626   126804580   1624944936   297192290   458811988   1596544181   717592012   1993035374   815656176   707254244   153424499   1395418476   1934271108   473367405   1454417697   1309051014   580995904   1256062434   983567410
2093964607   1996723869   29347805   2103430300   773843771   1210032347   1696391974   971499127   3043774   587025919   1005754421   1048994621   1859073617   1573260328   1059795089   58216908   387303815   1865501760   53863453   1369965973   1799703346   2086642414   1907672196   962880814   1398860360   1456369531   1277405336
45116798   89632922   879570516   1425428842   29767298   1102969349   1460008232   1039610565   998806343   1761155167   359533946   268693498   1612353349   191631513   1245279362   78870771   887297063   877058586   37551992   1408073489   1677114283   328695211   1285083987   1880010070   1032459587   102152666   985551837   1540507304
1856391146   729937649   329265398   1884993347   1698504631   8281172   1007717656   1736874991   266344706   371825027   279099752   1165546909   1424936303   1799971924   1845502102   607140576   1242454295   1459123438   2099718765   248877672   388774926   645593399   409331744   775887434   462620383   1988596029   1547391781   310853186   987850611
780951385   506521932   1566039341   1740326862   1467157718   20975419   2003220554   754123769   7694244   1285117583   599086810   724808054   1418514204   752162437   898838598   1666203993   1735090631   1784582068   504008467   1664693470   656160187   1419264744   1382619145   1021114685   1145523993   351940505   1429263560   488713534   703003799   383998752
351069823   758790627   587200427   1353781428   1736832002   1064051552   1034671785   153157891   1280786091   927142046   772808335   443403821   118486392   1054087068   1495360707   716043858   296570139   637551168   47677359   1672993418   2100228590   1743232093   1435025845   303575856   533336739   69230220   953330907   495015003   1216521294   334381500   587649096
1599974888   1007167056   1368163707   211906539   1232510085   1228483961   1845850656   520313668   1639706237   1021950391   122413815   1067700348   1727945962   99852773   148618596   1373434970   785097947   519158070   2029871904   671904394   95099350   377058069   216064744   1322801285   1086995530   796819918   1913546492   1075289111   1814687628   393500598   802580614   1224436241
500492662   1667320486   1189157300   921466765   1356214622   851995258   2030425772   478337764   438640865   1742686870   726842457   1165749521   1739406684   283670525   871585619   90744625   1878535666   888258375   600821871   1653310915   1735418120   1135618685   2145274483   259842724   280888438   1931275298   175132336   74526576   466572701   1846975217   942591926   397712840   842882140
236451231   2104058704   1247179835   1170301316   1028932988   1176873268   874213481   530908407   306776460   1462714291   273010564   1600704615   1119955380   746476156   1921580126   1558863460   1879355662   1481839433   59987096   1933101851   1611065528   92927542   1421517870   1929803878   923435371   959110732   1669597044   2033673283   1190310533   240628195   1364653704   1856106245   181212384   324477522
1570152336   1996161476   680340045   857134590   1301452109   1676443790   859927855   454744922   1091827491   365723776   953915912   379744704   1981288853   1787742420   213591717   345275915   242576492   1121835766   773099317   540827390   5636381   2010238384   839572482   699497244   516503846   1127562868   124503278   649445328   1733761651   1092898330   1966696405   1233197122   149285831   1644002649   489854973
25421624   521340021   635499877   2113767494   762299941   90434537   1708224338   94932814   87409449   738337408   496047678   1831843453   865391413   2016754158   1726084978   1398665232   1357535899   532737237   1065462443   855842887   1115173901   1486431074   1978739262   1867361100   522107183   750234996   394398393   1638008147   881168884   600642054   1979114135   948971753   2110964335   1021649253   1485102695   382957231
1183377626   490999891   1619767792   198553916   2031973040   1840953799   307509186   992373966   113316175   1365648329   1258914269   1686252220   130789217   1937550132   656057643   957495687   1761528707   2090263033   347336428   1909243642   1021017822   2007452251   687937619   2145602215   2076823105   1542785390   1540538067   2060974485   695881739   1632354148   1305986113   1226230993   2138268440   959022464   871020420   1698724269   387826410
135851892   890758651   691785995   1526509071   1604753551   1417737048   933016242   1174753064   703452732   887766328   74478480   915717159   60787918   1916881755   1403364381   1116200083   1116948433   1627475813   706181590   1614159773   403452284   1126996578   751546192   344923065   1789736373   683230063   2066276367   657749489   394250168   90710657   1493715244   899911173   1066068600   1057949964   383021002   233386912   1780155075   814816335
1164606230   1994656212   245810141   1329206168   1121961021   1472927116   688856184   88249662   1101327553   1788881741   1404276352   1336422595   1102084995   492283993   439914607   1006284599   1848079662   1027635733   214590918   634351911   849875234   338008635   773533822   1554880672   73518427   771849629   1903440672   1493735353   995379549   588874913   1546689957   1152656471   2133371988   1247284526   40752850   1589897268   224453052   819159365   1444611558
1591771964   1323592574   880005648   1551835140   1873707835   1280381008   1802128905   1605652189   1705557797   667689365   504710952   454901472   1821443759   1331316211   856136926   470968727   893837404   693797690   258131592   701095799   2027581763   891490617   299235229   46937576   199008037   1086420824   125661484   1011664152   276072472   1460432823   511214462   1672590935   545578558   1991591625   589156236   173080827   1632961073   2096539   1569619647   1714821262
900930791   1050801372   473752491   1612984864   731777135   1695936626   357652413   685756381   75114429   291269036   1750521996   875958178   1586847747   921765386   349128006   1106151260   1260543715   1735031846   311973275   2135008961   1715892490   1254628664   1056414662   1268180472   1717756398   272304619   1316049860   816781408   2083814229   657763278   1965590037   2065949144   379135049   506600976   564985285   1678034804   350310261   193652840   1226079888   749038135   1744500662
1565660386   146636318   767679190   1492855655   841535113   866489391   1998308372   21361930   108443806   1371306364   857963620   1145081092   32116775   904376813   1853540973   2104986904   669630662   453789540   1010741736   1660790816   568643708   1654707895   1558680988   378973314   1694775296   1610801044   740047116   1825364848   153715776   1384462008   1239282898   1817104223   667545576   114442100   1338662857   1960896843   960900287   553594780   231949649   1136105794   1521701079   926717460
122739560   552958586   880568232   1493240758   1941107404   71958483   544543066   2011479643   2128585310   1748313943   219151726   974106318   1321163927   840786503   909468105   1194776998   708093092   1618183880   1051090667   1637298070   232557203   1187665092   160323356   1449201701   902760890   1704473851   654552229   194113763   1310122587   329193952   69498397   398798971   1275856923   1460008411   527020115   597742567   950454321   1109370011   359734570   895183600   801706193   1350963117   1825374163
977177534   863202615   824664636   1052226691   179087790   33670949   1413928066   1894615259   1510563102   747376917   2064862903   2128113161   703158006   1564202601   758026734   1597183863   850587374   1254801790   755657414   665748727   1964157375   993732236   611119228   464353488   1141408580   2047027947   857110019   1507090834   1583733520   1669176936   1323469790   1657260151   963715127   112820374   835941290   2133391220   1162954829   1672451118   544167557   1386487285   1582721476   152686221   932435712   1058458404
928185173   651795359   1263180925   294641946   510731605   133810255   1003014105   2146979975   1362707610   689016244   279689941   2094824799   1150888202   1760135811   377586276   577843602   609936449   320825875   1776163110   1270846138   234367280   1132703773   1254786311   1518644322   894495754   285075207   637333832   1776883449   1645645759   1179288113   1104239490   1317793847   564086118   768127467   387484633   1235057409   505507410   885229523   1648397410   1893259280   1141045507   959501190   1266930063   173702996   637113997
902903393   2056955514   280920012   2029852275   734200077   296098978   984896243   1033185297   733829546   1041629985   1229847447   1263862571   310833062   2022279401   158961933   1790392838   69724524   1866809839   1331793076   1945977622   533013098   309936164   15854956   1479290633   1848819334   1690126267   453152307   138791983   952959979   421841662   919985170   1335507545   1961060322   610189771   1634511094   2065784401   1121432343   1099188280   1441105277   1998818261   1564124771   178090339   258406276   303915660   2052577342   189960210
607330512   1982609443   233852895   694728672   681296827   1477715726   728893603   1611445733   1542950766   601111739   274927612   158479137   684554525   860482618   2128951603   1042373219   1626883405   1253361559   1787917066   1495694462   301073276   1259614961   1423653810   1418179329   1967768058   1056123858   2049299889   1575861331   602000729   405779850   1374610829   2111632710   1930326540   2057085335   1310693778   121761602   1925683618   1645756794   905141811   2084012854   1170830973   832910044   463889370   924740719   1090360680   769529187   806598801
1047793997   359817591   987419580   2091205534   1712566674   1110388435   1206293556   647010730   1467423031   1279110931   620631652   912538890   1788725958   1831961447   731147962   25905868   1756915657   1038930947   2060518915   1766865723   994192081   191604034   1086542585   421591422   1116433279   1078025675   1062619343   1673346320   1904274087   1522267706   1162683449   1074450701   701215107   2017194235   1250242809   1122885801   1361208132   224313700   593659644   1568019535   527163131   437882716   1166207421   199367467   504825289   1276985064   2023651205   313137349
915364452   1549088542   211034289   1352727942   126435300   768671915   1174153509   983586370   235475743   764516296   1547105079   1648911774   1623490265   78916573   114497197   1113774860   1714858792   806950487   840600545   216425207   1120115142   627162147   325181287   77163641   1678687476   1984017969   1411524871   1889546037   246905528   1024904282   1653167544   941566836   864528665   737681720   100565334   227145888   7933145   109288984   1475312502   1077501083   2036321359   1837671866   888712153   960865815   762437600   15885767   1161246822   208041562   1377914491
812470052   129728969   1201102605   1675691650   1049110447   852068107   1966384964   89993703   112519330   1785683856   1395741350   1330862248   719345802   1099937987   592065483   753053035   1817182411   1691551204   677947121   1849333230   385956552   167427416   478569682   154111432   797145082   761349100   297148066   247946684   1064795394   93089718   804494232   1541441502   1003261954   290720653   407112732   1578833301   153846285   1335082362   1509286168   1247427669   1533601490   320292034   872306080   479054334   883490161   1711898846   2136234301   1138725857   514511015   1501918083
1389545787   709414220   1471332541   758919656   128070068   448967068   1197781974   614559313   1012524091   1366399030   295152442   1643919613   1347702371   1194505577   789023066   1705263629   607978720   372579969   2109996360   996130228   1320408625   2131456646   400548327   2045674163   774649582   253840473   910162743   1492089979   1568518399   121507082   241645410   1541152595   1768229126   1730214075   235451982   1006887597   259132898   2135042999   1099112156   924477172   796722160   1910179901   1040247524   1151574814   1554740191   1791367017   109522089   1461011632   1713313665   88598875   702074180
13500660   147084559   1861080757   76575175   2142054439   262554890   1023633416   2079957197   1813675931   374954615   2116215985   1645593653   839841133   1487405060   1967143962   1649349471   416564939   1526940897   619419782   232390153   2008016772   45156131   51814818   1910783005   2083630696   1229446445   215191346   2014322216   295855151   1318775743   848460305   770462325   2009793393   1216383065   129155770   177451729   1593024371   576118466   1766812570   2075856992   1828873139   11737802   1086948594   1767149983   1504467722   49584209   1206839313   1530561879   561371493   1603913610   970552857   798043165
232990063   1204475407   543725931   2012644471   542183305   1754523411   1467487054   28148507   923015367   1855844451   119934343   1110585736   867881949   150823949   493506266   1100132787   890641046   1058297899   983509246   535674958   1252621475   1633880809   344696175   1025728307   1998688307   82934123   546841677   1758796792   2019505847   344695853   1180856424   2089052598   373581585   27966481   1041388482   399491428   2073596749   693169152   1536856390   2054733440   949948753   2015169245   728573710   638949215   139953490   570428423   2098355277   197093081   957245989   691861181   542204769   1511032334   155839392
920453966   827050706   2038220232   1131307086   1166844582   1526104189   1896591378   658887969   1225161312   1114287933   2113566780   100368774   359300010   1104149496   684821265   1591033695   154620254   88230816   1243608281   938587169   1827947948   1429023799   523429237   973161209   11832409   1371819812   226085085   688825369   1216097182   2834190   1402692290   1207402683   1278727002   1038564934   1387249135   365422338   2003148604   57774363   2083022467   572078426   1770250506   850433819   126069198   1091224813   1626077714   1609104030   1884916127   513148896   545501898   302917948   852186948   294868132   1385801687   565898948
925126383   2083364770   1589121926   1569364278   158729301   194719769   44339128   196757106   1641537861   70706693   381379202   508541522   1928480099   584689746   1075379340   1240012804   85541588   323264118   353843836   1384366964   1338000917   1316804842   975622840   1474046865   1392938093   2040447157   1264273636   223045780   158708133   1588533722   1512122394   452392226   338200482   1823484108   198084660   436559188   1940331969   943987285   949285384   1111845187   947281791   677142763   1004729953   547973012   338509030   2063292357   1311372762   1966421483   113674955   1667852287   645225882   481277561   653374816   1123687209   958267329
201635860   1921589620   1162036397   978444073   614129961   1890195627   1223329002   37678384   696207451   379394575   1295912194   1849790849   1769731333   1674836244   1570723655   48106260   373346476   1553602970   421119444   1763094516   1342862491   349980101   215861839   1223240230   354446772   1974144753   1549348564   2104016409   2122151020   1975542495   1050936759   1011718857   579694924   1682628496   382890496   436078360   2063064010   1018058293   1456212154   260611098   2009130712   1513346693   961830793   652924317   443731394   86502668   5115147   907314923   489454955   1611663933   735745369   1464551078   594268953   1898640871   1286651772   1353103690
59966972   1255814183   1128563711   1372990954   1380771170   673953813   71875401   190372869   821312381   1322524059   749287630   1918245318   1908308604   1839464175   612735856   1946413668   35807301   1929871646   1096716248   1074419313   1301199125   1890204844   1371956505   8920750   1263221876   2032767795   1205418713   45637042   81070609   1804685699   1765803817   1043180212   171183453   66246799   1911226546   89629924   1056982833   568372581   2098781123   808658797   2002597498   541828305   2052160258   2067134465   201711442   400909132   84632923   1799765612   1820243786   1740604985   858725906   1631185351   514608437   421595652   460739132   216774100   929442701
1533391791   1886214611   219015574   1985268081   1576278320   778379643   1200666028   2037072856   1200225452   1505546528   809302737   333954256   1311498008   1767707052   1721370322   1191499887   968798894   1123534910   1774786133   603859914   977880402   780917079   1299661244   1938444334   385044074   2122063505   2019182394   1492972599   52856262   513616810   814653764   1072343962   557816103   1633490922   1523481169   1095396544   869735944   233856010   1929087538   816966995   962067595   1360797374   84754639   593932789   1142975606   1954409789   508001228   1355197143   1491893809   625875305   1128891118   771574716   1086260293   980506617   738547141   238021918   1496067814   1085661974
474896913   1020668350   1933079508   21258427   441482799   37280012   710464241   2142944198   1297908039   2071280091   1051660131   1518432301   1761663175   33508407   225376359   334537342   1446037117   451573645   2096425600   1111021534   70854269   651480915   1109914915   1919516664   619527779   2026343559   1674953776   1680439118   246070675   1089098998   113821925   1582161178   1930602150   1046007413   1612665947   1215578086   1658386557   1892015965   465379428   111546166   1180972442   1609646225   2074355695   567949023   106879550   1150862557   395120239   1900514972   688792800   1684306922   301471652   1472739526   1206193336   779546003   1800846315   2041683938   1055290514   1413841750   281264878
1458970806   249547354   1870951198   1426664083   1548312325   1321272916   1948190438   1276156694   712403587   892913967   1501754642   933820085   50396822   110472553   570989922   620754239   3702671   498581746   1372340239   1153390840   1090407722   713321507   215406433   611182648   70352835   766606352   785266885   1073214110   2082274814   2024110147   12205364   1764083451   588428962   1912164881   1118229797   526195298   640606830   1160799186   1705637525   1244977791   324979264   1606570924   267744951   1713188327   1737980559   553530948   985859977   405336407   102771915   1079531049   976160704   1347407846   407098530   764599093   697992102   1744110286   705860380   1920986029   2140637699   129993889
189086938   1376421948   1670118833   1497333495   610168238   341515689   1961268656   236914741   1821882217   127396724   108069892   48332476   125974143   793557531   410422543   82215499   1697336540   1329956986   1752079719   352872102   1128960864   2101281128   694596060   1459309506   79294256   878556662   699616248   286065555   1700881409   344250213   273648910   626784009   1412501494   1338410731   1547754192   2137543316   779394197   394662940   938023428   1437211284   1416629208   935573751   339707232   792764599   2064221251   619361179   2016502222   753577757   1232698929   261980780   431235005   1927545832   397349585   1257730963   1338478671   849811099   1315204213   216189539   53605145   1566194780   1146559218
2133135154   1833431739   1670782421   1897889928   1640508776   287275838   470405889   263580350   808047232   1344585508   1278819878   4132189   443533711   412091370   480346069   1582163968   944888666   1875823626   1700491303   226886045   1294191993   600824508   54699566   190266812   1114903133   270891016   983179620   1321606632   565566774   248006952   2046187939   1229528130   732622747   288641251   898059248   817736605   614448890   1769261558   1758001488   2034184116   1751563485   1380266492   2108182460   1778635843   1788822   703177081   1592656673   1466663096   662613930   1343750619   46937480   1610945423   1575651912   645384828   519829962   1666111291   2075307319   424119414   380422280   230852240   1224988183   189684049
1843894380   48867505   1801629026   2028371805   1488578531   1671991390   2144044757   232107180   2145587719   1345794341   821022628   1026434962   623310000   1393665852   1514312115   1237502346   1284862035   2049893853   1810471694   252931139   1173074009   1386736860   1814287266   1093981662   1948799516   1916867702   542849530   735316583   339079240   1574322872   989111452   2008112900   1463959034   1855914132   1317006734   288855801   282603491   455999670   194723271   757226770   201938693   1137067964   2122895989   1417679584   1210768046   196949547   903175796   1261361622   931493483   1941037008   1608443261   1262713135   1603434272   1391252377   234943421   14017166   913570809   600593905   317342311   1203883437   1314112095   711973936   1478631773
79049557   1745933320   622933064   970135435   1458307427   417633964   184836672   1325181938   1035244372   1333885093   2109721576   952248438   1439983647   558208695   1257902316   1363090824   505484103   818747705   1794115518   1684815853   1376170197   7507175   542523627   49097221   2010179582   1669880117   1094199821   664966708   1353276817   620317837   1578530037   654708808   881069438   1896219741   962979194   1883977624   1491608101   1079774895   1869557983   1379967893   171887952   1678448938   1383968825   635017218   674316890   993347307   226384827   1732088251   1159278893   2060844103   1224003495   1907577500   1168139431   1358872743   156879520   1847117823   1517214271   1092293114   648750382   1998055227   646373966   287747061   492732217   141952086
1392042595   200795741   343835765   861006328   1996313293   1299371766   1301165972   1059408217   1291210113   1100259664   1464023637   1030142528   339250802   449949558   246282190   981794985   298713634   1667512815   1915008419   651038609   1258005817   1950547198   1740750586   622116983   308614265   1656883712   783422566   1211454247   695393934   1306152467   661031770   2145876512   1156000492   1110638139   1435577345   1428017788   248625038   1378971258   84690053   1421148625   119348412   2094461613   1941412462   1759611411   67387309   1209060417   734826534   1809464063   1836054067   1772091798   922180347   1394895194   265497058   1321902451   560964769   1624836215   1441663138   1314876230   1265770850   1174858942   1615701205   622350878   1689572607   799281449   614143910
264484740   992625515   1386485188   1601595524   1651143552   1855991553   570653519   1898267651   527220679   1842360775   516700376   1706355699   1535310900   737799772   546006222   1314163935   1101332301   1036117593   1760749103   1714810456   255059097   1312900042   1255840322   1744658940   2094157485   1715184422   1538303429   567646213   794368629   516581325   1224849867   1163538333   1256940872   90052012   1089862823   1200996008   1366984507   398435131   1736900029   1853654100   667771664   642975129   247401340   1908967128   1009485245   510730767   1713813440   1925128309   1445659460   1317545360   1255351548   1047127747   1677751618   1670122376   1960108127   142609982   1585107459   574802172   646986220   1312618554   1692122300   773881272   819561948   1211887107   2068415203   102173071
190605122   325624965   234893343   1067609560   1744665213   366536802   404137650   1201837772   780126165   883603736   1479546408   911314309   1127815657   308548006   582669648   169513510   1585623965   185467684   35122866   1530953179   888971841   2138756801   912852790   1373566940   1434997370   641904094   282182297   1987100071   406891559   47918436   1604269781   956241723   1132130103   1084238809   550379644   652288147   1419721641   1781402189   281922273   1758863892   784977037   1476469289   1354721027   1370242237   1070585621   529980482   1883176260   688097503   1014418907   236467748   1779374760   608757418   1339724446   77740513   2069185857   398304060   993114809   1207160089   456448640   1277536955   79583640   554690859   1321093988   423194302   316609943   1761454016   338108236
1343378719   253000072   664459408   1793292632   1663202207   2068654938   849311982   2075134913   9424359   1534808675   2037732797   548969669   639790368   726260277   1781502165   217236244   171272097   1848689512   367303980   1776345971   1785121657   1401819442   644056692   1999397557   851905883   432173392   774579145   1394467890   1538907034   1535331943   39968413   1822466239   736555777   550690548   444943396   920206641   863967996   748169473   740155445   1910094035   980431483   1586361208   435503825   1551649160   1745854468   196597908   452031406   60916694   950227585   326143722   272195022   2126462847   1340498124   2104319771   1844032012   1593873665   1707380872   1762942113   1927369570   1721495510   1834532896   185295917   2114634683   937422033   570239491   219646994   1755901272   1552462821
436602582   1598781248   1256907064   223363844   2019267978   2111556469   1225754381   234824512   1043349150   859347708   385271108   1264684191   928850000   1968198474   1355849557   1092148204   2036736210   769914211   1451746721   737045199   237593564   793323010   1070720585   1722625093   1685720060   1312363256   1953944825   873895240   764188091   1415821183   529449319   1466436087   611739517   347968015   1112052812   1457474963   591685256   653248663   1084054989   1041727828   1606594572   184787980   2114656115   1859918032   1894578339   1191207992   573067498   1129098142   1795354295   1317971935   1100650139   1316757932   929915985   2081946895   359008994   1390261332   567128269   1465482823   1217148993   1707699373   2093951152   2100508482   275047739   1566488087   1002496087   1545041180   2064198862   799373126   2117102602
756454737   194954522   1962581121   378365301   843783636   1751582142   1709880550   875397721   1241932086   1470223023   321764407   1330275532   1631539991   1277946742   871289436   1005909165   616329236   418787804   3902059   408907680   1372710614   108742108   1052421954   493769713   420623397   1465057586   530330370   241391851   1142006597   2131736076   1273230403   1374529384   1894503252   605840081   1750534701   1645478321   2043396431   687381715   1819142280   1496680385   2142654883   995006525   1415374005   1231537668   1085570038   1994329534   399263941   803564802   1465379957   788902435   39283930   1376366325   885700941   292528984   1705015080   43746631   146559305   2147430400   382202331   1803897636   1571259838   656822455   1034887166   833423037   1810099066   1063677987   877606109   145916715   1485659640   222984984
640117414   773429210   195955512   1787318839   1188811409   315120796   845425662   517842062   1647270390   364106844   1931981724   890819170   2073499575   280310965   1480134837   535371164   1337086164   1282104972   148571992   1604255034   466397837   1372250876   2135939745   131508773   1891606454   1341656793   86345550   1951750319   1203096679   594647026   1200967109   1921542922   1797388225   2083988763   1003562354   473371542   466023616   1426312344   1305837022   638015316   1395014306   1026432062   2024643142   1244775881   1614252584   445493830   1817369996   743767028   530529867   766955456   240290393   969409843   429677272   1709463177   1796377352   650534455   1048530077   1836260348   234031595   155697156   113659674   1726038723   1806377944   1014281933   1774358329   1500355436   1147908150   69952253   910157398   885532913   732545491
1972034440   2143946397   497216961   1853208088   142892282   1040627906   1629772956   1448795789   236766677   463508857   231262216   844850579   1712805056   407098541   442399071   1946288226   519880845   1200502944   1235507282   1754329591   1148674096   1624661202   1368572540   117611946   262424081   1606634366   1609187870   2074932960   519510825   1058654378   241512786   2092889769   2010031472   1820527492   1069396954   1464875892   212025070   1294276711   282682430   1767047254   213989647   854414106   391678776   968685818   55478551   524007941   234175803   738778922   1689665058   1011143698   1799585888   2118154453   1033890951   1455688384   1204654700   69412050   1620252671   581085752   80824620   1256575857   138285855   1785840871   1636158272   70054887   901992721   1928893431   1379188513   764127097   2179811   1823786036   1636683330   1466390605
2080006291   430861869   1303248382   1274345615   1251241468   29634786   1624323808   1650540519   1341719514   2103760485   34703388   629532001   1247463283   1731364551   62122251   1936833487   80943401   1143718304   2012117082   1662288117   2076473123   515886350   786091923   2131630975   546483475   329067527   1602875200   1087042803   1995951608   799617120   717636609   1375151344   1257155313   1620310481   275976263   30889841   182950150   1499625427   427209455   2121918627   891375514   449465278   457299656   1501364738   1861526094   1601504005   430409834   1237315910   630776715   1320111060   571960979   1251073263   507494076   451274501   1035194343   1549677118   1343592486   185072599   195919983   210528753   2061996962   945206309   519877404   1953666831   1935425900   247932082   663747323   1637289571   1564305239   55705208   1705990669   503045946   398498025
1697433394   1406848611   263588399   2111327439   1181662340   272910559   271997664   1423719972   956775778   1255256193   636173354   913167299   334152429   1823574961   849511542   572825352   1286384936   1506335045   262411607   945454833   148772529   228071888   2002130386   1071882698   1132905464   1891238717   1679163274   1032034057   1453356566   1965614573   2136036818   2072925011   1257289946   543345922   647357856   868960186   996545366   445509390   1975808798   464852723   2023281371   79278334   1386270979   1994099272   2002513801   1466676536   728398100   856682293   706673187   1431166754   1727885614   821804870   180735903   806847978   139418896   1237962557   1858642534   896043805   1885913191   500921908   1731773753   1964726561   112604751   1816643484   1455825134   1952030092   1171305232   80935156   2107020535   1126270742   1637260974   885917083   1375946409   904485257
1883899236   2130343385   125782443   1340698877   735953895   653628701   16554969   2054590508   123888188   1527153466   1957659650   2036560164   1283259243   1428335278   183973248   657275589   94579619   1465461435   712524562   885468821   319618556   1709054319   1589992059   691891152   724837380   1683399729   1380918243   1247795747   287791915   91344584   747019421   488156153   1851263629   418020305   1699948777   33178673   980925781   155916786   495670644   926962052   865120264   772111386   1182806476   497916798   390019094   861159657   2019998721   1560669834   947245012   462349576   133635203   1508783386   1529582234   1062863633   107560009   354853905   1823121070   202474869   1545700351   928989969   580952773   499083715   1924465866   1526683742   905927886   1422511895   899056909   1347172644   1201098122   1008672178   507942298   1073708634   685610359   1725180494   276863237
99122408   1417387491   260095372   1909715485   1939467249   1500218223   180301057   1069870198   1434337711   609065084   799935031   1667986362   856866424   909349124   373464956   471829483   994109555   206399340   312845731   1985182961   276882192   663205824   2141419781   963534476   216579742   1527775558   251388136   1576196302   308273449   1968069393   1045412695   288916261   367694666   207855673   213134340   275598284   915127024   148814902   313587399   118143671   962624788   1514906808   977748593   430565290   1922191620   1607256961   8861084   1956837882   1827592518   1337181328   537825856   2119742921   748102430   1695472338   266602983   785960255   1815825222   1226976932   2074601042   2090563844   1949436881   323701441   1642525146   1095713920   437645162   1208038945   1702758822   1110337950   636159509   429952052   1822210761   1342381549   1586546320   903316988   1935667254   221188314
378355956   1803175015   547617798   1404917821   132128294   1853498997   214125019   1504217294   1760301246   643116533   2038983765   1119269475   62919595   1084666705   1472114194   52903912   648467360   642973407   7011010   665009139   1981228855   1656895319   332615818   1714248084   1688797602   2028203291   54433305   284150085   887773834   267238680   1600928385   471552477   821586297   1448044336   2091784459   749268241   714843275   1692883693   466099181   1297151755   2109524474   555805440   1335048035   359372681   899492231   2010495053   1569275289   587026275   1747427862   1903442639   1719892243   1314101052   18425815   1368499568   569703281   2135833997   515822744   2035734788   1999682168   1092326189   115591067   1337961286   847347649   2041177662   1789675608   2123322686   74817141   1805521232   1735422979   1801313901   1841622734   1860917569   1033038656   1062141867   569693061   868387723   1314108066
1475627713   255894731   2118157848   991413032   805581167   1679385789   1022046359   1425704799   827082200   2078659231   1777934313   1810474036   1771092083   835298122   780651540   951059020   1331343682   1819527794   75454584   1327055109   1452114320   209029141   2034448143   959400385   1291074766   529733697   1521334985   559114724   382385521   1640607986   2072592626   1091831344   1863721054   599586075   949222043   789494645   887095166   777370612   1905903028   1315502029   1542555089   700125377   2019018395   1393223829   942363653   583375939   1288262719   1144741313   1292093924   887041485   2079163081   2056681753   381554208   371499897   73598870   746495950   2062349338   13943531   732752770   1202791880   1849772433   42116496   480328103   1273311713   319960934   685509785   227880445   1762993839   103536089   1472872416   1380085512   1323143580   31062933   1176132323   1405899222   1710552627   1801513568   2059695673
779471833   963034413   330979572   1492506144   1268593994   1070059224   173423734   1202009550   1707564475   1254449337   356125312   478373744   1596850618   706263192   1560168411   1206259744   1419813095   362254332   499231707   227214878   1694073362   1105815854   1883203153   1215601472   2078528786   1185063412   1754447959   154246779   1558269537   1686643933   561910457   120597036   91466713   1732644978   230277831   895340026   1724646985   1041644698   564133770   777963154   320496790   467166990   2100389892   1986934536   193113188   1026103504   1040520549   161090764   1801670024   1641397859   597925311   1123691758   272736075   2007906339   767715231   1225212407   753275563   1814927513   595978481   1720999061   1731817247   1814447089   2133133909   874189691   1119888386   1436615866   1028118923   520949213   1500921334   435640463   566525199   788931886   499095920   1666264258   2121665500   664745504   967922394   860305802   1070876169
723872555   10653058   239848944   315411696   1590780615   2019685247   1989684468   190354396   1273563079   829666170   782670634   1696256630   1046190393   1230736770   70933745   1757980039   410868742   1743818017   822618535   267586911   1272775576   928566726   2076776353   962872227   301435328   1270889749   1265720762   185177061   1728730332   254313712   28185972   1117368166   1988047019   286620817   1291263357   1024517122   226295593   223530043   890268973   2028300534   1969487633   39182496   123873545   1957405867   17429224   902154045   811906185   559585806   1937438916   1538850117   127937372   1497127042   1670312957   560854137   1370172127   675213488   1820599937   403491047   395837253   560413472   1648318620   684138069   107340083   159081558   1080540846   1441322302   2003032095   1246147791   2137766153   1798298269   6134153   1525051412   1474792616   2097054256   1220943103   474859033   1779372498   2076838894   113915214   291537936
453978725   630129582   1828464761   740261131   249063218   97074733   684397870   890539371   1137213747   573262829   45983628   1985846938   514993755   390662341   1758495620   315205913   375697867   1325936486   495071200   1309750762   175065556   1173766639   1156929885   838844142   175424179   1389432821   1635997536   1227161109   812836440   264188764   1231513832   1286788850   117291855   636159744   1937454032   1193019509   931280907   1940539819   858059160   1445577412   1705202593   280943035   667899328   342870940   628198075   629471383   737899463   1361095263   112348182   2065823778   1545036402   1284156921   63669399   1869739605   1955393587   565275631   1673872500   667837845   404857052   224789986   1794392207   1614076716   291895468   327036832   219079049   1740564183   1134559051   2016245064   1520689121   1263596835   1887814039   715176902   1712146994   405309828   1913909224   1806110600   1864359249   976435074   887566547   32339315   133445076
1027511348   1767274126   1835931525   1346680184   1023047368   266263131   725381072   286270556   1467835852   1479407664   488848991   1125205945   76881820   132556216   1123213571   223078859   178921604   56356985   1017608806   829934783   44009653   795468074   1555322459   1398676343   1803898806   1467500131   1815183439   1941787675   1614854165   24764332   220664000   1816799391   501463618   599949835   1323906252   999739501   1999841397   1462297350   1612629352   633081234   498530754   1051681194   650851481   732239590   627936103   744133439   831133638   1771125500   522449068   467188634   1268808300   529423070   1400773935   2059153614   2056576309   2145506613   921591027   408361600   1894991775   1702722945   904957511   976374718   125597619   797429829   1974478176   157520573   513256176   6015321   1299616877   2064178048   238720061   1251848518   1405027977   1414247334   216160314   1799756494   1795148282   984335287   1217204725   1594774644   752020704   268558220
1879175565   1398411163   1807920905   1675437293   1592169245   659123494   1275895004   663040744   1992074535   987898546   1809723089   1764875735   1667848223   1587455817   1742107006   23310064   881368060   663505684   1446021859   1200927065   1162562549   1239798529   54852343   1751096321   935599781   1038249603   2006889161   2123522674   1192745855   1388100186   2027758989   76591901   182688303   606899367   690505711   204043129   2067592222   1661798199   1339186126   640687291   2052290179   1588902768   589188076   668473747   566992501   1206786898   812179532   223380845   1644297856   165822526   1973346268   106953427   366084387   1972812289   1892881174   242606005   920276306   1192766871   694584065   188027943   1145765192   1070807518   1454381182   529360095   1422439974   1163305345   791619093   1695101819   681541010   986422335   762507644   1445386802   2107892189   476370668   1551208703   1596028624   1092843592   1021203513   992869727   731098064   1688998420   604272856   1010445992
567177689   242268887   473555176   2086255532   1569226354   174851963   16039123   1136077664   802693724   316650331   770001367   695475794   625231193   2006768774   798505329   1375119916   1216392336   1054958250   689194580   1180767745   1452743317   290157677   303070622   1028543363   1359411998   1717537381   1839511965   1274978177   1523154018   684047992   647814739   929722783   180670   208091623   2058247443   60005115   816965712   320055298   1368298505   652632901   431702775   1937537810   795820035   804260892   1522288670   1630204763   2115400658   943947745   126157836   897110813   279720357   641895883   791141322   246343249   631148862   107285509   759116089   361637514   1065998813   2067787339   318486446   342130376   1427345104   1769117619   1145132566   1340030306   1503046552   1405415124   1706486679   1591731368   432839948   930871188   386089208   1852148601   1367058965   1150554971   854201747   1985366940   544068721   272060811   1074445791   173624063   483392093   1551339054
821866113   49425410   1357768114   101413895   768093426   379835891   425999912   1347513241   1241902820   972650839   1341696294   1605026475   1787683808   1323671392   814682181   1984568823   7592005   696570706   1057802896   260907316   1978119902   1175930489   1241782216   1483300872   934061762   1845784520   70903051   837038561   277961797   1228296995   1923869970   1145407177   1120753417   1979299961   946536290   1171071426   418778364   2054010235   797059083   1834965650   330203702   198095199   1328028096   2094575680   1326943903   1803025211   766547797   1067654831   788755735   810456145   502343737   1898672203   945423515   1010664654   481649799   1199122063   328714157   90875326   922859486   1264315312   772096537   419645025   726056025   64583576   1391602655   1197391733   344010040   530584250   1009629236   352765024   952851096   908287953   1028034173   641083385   66410606   659494403   1200951782   1585664471   1513019699   1467359342   447932162   933279826   354424114   2118449611   1012674665
1396871014   265865208   2144809012   572025042   2117960536   1395992583   1719403753   1135496219   383221373   2038670676   240076392   686141251   125829548   211187005   861823352   1792081440   1438835911   1994100267   1735035747   1408433201   701134284   1444565454   727668568   1132651349   1916832192   1151340691   41065000   905474616   1836348635   1756136915   1445174251   1206363174   1964763718   1094788299   1024146997   754013743   1919232156   1589267485   66566180   1579030575   159040127   1299356733   221293983   580659189   1093705515   1348514533   2067689783   1924297387   1948913923   1743942474   485089137   1387633086   1091109273   2138059301   260919102   1234770893   804128795   2106654594   2042815090   1579079669   773737177   971076632   659724908   643591299   362561108   1324792925   690069155   252542298   782210269   1028661613   727408017   373377020   2093476338   1660269469   2115875337   235251392   1747930128   258925018   1773090071   1441897937   1855392308   1386976727   1952435385   874362684   1120112236   770253439
1629563865   2058828162   1737511631   1897750584   2114424474   525676378   1162576493   231031975   1625873409   1415030172   2020589966   1038270603   836271616   1013260980   1294725590   99326938   885893348   500425898   2015233193   1684670543   376576751   899537674   104730709   1037291726   368826266   79582068   293260922   965367781   658465352   738844166   1448955481   1168565677   1289950978   1152763557   14930003   1972453069   494022369   451201028   1344998782   381537280   851729963   251710178   1209958179   614276384   110417106   247033108   1260492573   621343762   1197937903   739748326   1200037864   467625943   1993404714   1780853110   654049137   1840937299   598153095   291502373   1458405702   494072110   1088415050   1692601354   2090730011   1320819792   606370280   1822512414   1941365500   563973056   209071038   1792713229   382327153   1010488163   54232105   489492484   1394311871   778598272   1811573168   908678853   894841939   1111868977   840919901   242935730   1203003660   732107902   292154099   1951598828   2049372994
2042664189   292179162   1683064476   477483550   1537072435   807282356   1735763000   1452303123   211581854   1629045271   87703522   1615927727   447929931   1565467671   881615474   965652421   1284852303   1604750043   290022672   1905487358   1910827546   188664442   1680927730   1912492441   112327804   1925648758   1027318321   1868738995   1939547329   291022897   679112181   1094173600   1138112316   688951848   1380624282   1253579508   201004462   650731962   1287777065   299107694   779929979   1008958661   1897166668   840549947   1398667658   541866665   1521358063   911675110   1757814022   20338280   507762416   867013587   1508323927   1148610099   1332331678   297010191   236856233   304657257   1953088013   10368352   1300900219   1206802005   1472048818   1073394255   1289238999   624814150   445055997   23098823   1821529759   1226931709   750905612   2020637962   1478347741   1073893305   2028688853   1563783227   100116923   844665145   636092496   1345821428   935793256   1912394679   298698424   1723674937   871020697   120697920   443202583   1319608264
1008886331   1007880630   874807905   714909618   1192108740   1700178199   1647404365   1879492929   493243864   1846741761   1944500618   1812479096   1830140520   95438754   108176350   640116014   141951491   2132294534   1427823326   1638243939   1111830659   1148536859   1309698832   759844255   284219936   747154425   1801480929   1446497320   694029485   1574151755   355629569   1722438837   435599593   1006057168   693629270   857660489   1871351245   1213735562   1945151464   1494835371   1263486125   678388770   822151633   792793116   1237216049   588466606   923130887   1655721051   637832492   1302556344   399827005   1373381306   1597216001   663540093   139535856   1327310204   886989227   356909626   1867442401   879134269   1691819583   450380874   1921176110   1741212453   492124986   2019224234   1259232341   1695796685   2036150484   267794349   1117406795   1479008104   2057379450   1219423425   613532988   1201059874   1621772363   576061216   1208765633   1093735365   1858470991   1960467821   104501640   592249870   239763411   533251734   244186278   611440824   1818210328
431733894   143292871   85238095   1625977231   133734059   1452489134   1770050515   1341937225   664752966   420127407   1851076597   224913288   898512361   490495305   1414696307   109387544   626236673   1331352566   1232865964   347988974   1743122484   1675995733   367095511   601353338   1887169951   1641762121   1348389804   42588485   1220999705   280945945   1156005983   1892978403   1262794331   864882328   914288846   448958741   1779630991   1287588919   907903635   1168883082   1270001795   137317506   651161873   1359132658   1711867307   2056168381   711534696   162715754   1344663509   1761319654   618320826   1044319956   105517558   1372845484   1955498706   1111483629   46252517   1280177453   1326488106   253645824   1391569722   1598452772   534474563   261620158   339779941   493954600   848960483   336592086   2118254543   1566445147   1707223384   670711116   874775160   1994592734   822286388   1854738103   1665719229   1266823007   1727112121   601216687   936019553   1190487616   816617651   40456513   884713097   892623137   1562928766   2054540751   1058117317   390704656
1570004652   622463195   612326380   1823861697   1598780176   120837265   960964839   760314833   2064912576   989755069   559031760   561348348   756968939   421542564   1997654965   1146895516   2019849223   1503350846   86791675   1642638352   1732552289   707792363   2089373378   730807153   109697468   512226471   443795460   2127406496   53706624   1687270720   1254686016   616586062   203269799   1390871229   842624619   280024328   1488867571   854519672   576156855   106565536   242976491   1064715761   918436695   1651224275   396986181   1541912300   1673190494   1234759803   94276530   435664809   801871520   1885770749   2022813076   351769932   1268654443   192068566   1409625896   1179020949   141776842   721652822   373434283   777468316   985794503   1412901646   829058434   460113138   1313565992   1209634585   104459737   1685923281   4305945   716278820   570713941   49514993   1455436358   1058343436   982459266   1210703923   1571691359   129785464   640854769   1194469580   1115923502   506253464   1335742518   164341743   1538475706   1924264586   380055   1957858730   1927805929
885153658   1263631039   884900040   1995844693   496060501   67672570   708471566   302947866   1693998711   463588719   1713655358   363148216   336509519   708924969   632336903   742085027   1528664750   1612771677   1659987204   1866206444   255004649   1764965802   1357321784   1410313252   285948113   522646463   165325406   1293377026   256470078   197085144   1911593203   1622190077   1900945450   1825541511   484872004   1622598345   1020435674   1755905077   58001484   1645652087   301311319   1252818305   375262267   690371576   394586819   261729579   130002558   605375231   683510611   1295811609   910683149   692999434   336232533   1830287738   380942588   1059364790   934571225   246245993   771233345   61710602   1603834089   319603328   660465161   1698026833   816802830   2047814363   1216876277   1672850893   1745015837   2058889521   1922334108   1587965091   1163120465   2114554685   1287668048   1075396048   827478061   1388547352   2112924587   1276562622   252589561   1665877423   98678436   551905433   134807655   1234402309   302327001   1204825223   1497517015   627709290   1914226830   1904314876
1229877465   282749726   1438616803   375623925   1898530122   1814353566   1568502266   1551588501   1061385388   1911137516   695504143   1443623299   780009103   1454147726   1035219367   1905232664   1686101799   498385169   128109104   1311256456   633271433   885142616   1047238115   144525759   230149066   663863669   313720105   1268348888   1849134298   1745753767   274192274   574125833   39542619   1994171966   420062267   242701786   927118705   2023136084   831271447   757751238   701256195   240396919   39162923   942877604   493412072   1741085624   587042169   627816449   323325327   1480809238   1526109329   1307965871   1269903586   1708386210   806107040   2021099369   1176394219   1460613646   1940723844   171396688   648182211   2063876608   1802312117   1570851159   581301573   2054238046   884147944   951708525   1533108215   1812578559   2134334199   45996999   1763967215   612490828   244972125   1895017203   2137962288   2103285338   1044413517   253260092   87914837   186051305   1074171516   839431223   1193082313   1655618564   251178916   800724235   1155063114   1253426359   1998884538   1959088909   2076285965
1515355695   2099606099   1022510541   1234552227   1337396691   621484678   1746165453   1945283381   2120707813   2112979841   382288304   280809156   1761846609   1833577619   1524415694   2017779080   1481345474   114104069   1288894520   1921257608   505609336   1690132842   333348099   716768881   982454816   1903770475   2103374665   995101898   1846621680   1686861247   1257407059   1888395836   1920447371   2100708413   1528769802   398738243   599953860   597359266   1617687370   1949234433   287207505   1159804298   896957315   1440477486   1292302169   1144434477   132742943   635941147   1863233663   731792007   1751841145   1823905687   819450092   1420865009   415401863   258870427   1859179755   859612175   654277077   1632085328   63706840   1786795475   1476430181   2067985228   1403482871   2012925334   1998043906   440001339   560718093   1343152194   1317686162   1876575646   740450829   560571516   878325224   1662959795   409133292   896959335   763359583   402785245   148108113   959506332   683991907   685508624   2085278073   1135786781   1954507431   1509245188   947343756   1251513884   1069264965   383590234   1425335927   2001418658
1915473632   941857771   106574861   803562644   144173098   1802599851   813440234   1182389418   6014912   1017115907   349431304   951979803   1015742735   1046798084   1764527290   35095549   388762876   599408518   997002994   1343022953   960338567   1379055763   235612347   396109962   1814992130   1206981590   1540628024   1199480194   788944744   1243541115   1366993617   1557109715   124646177   329901337   303347781   2059270997   524756563   941448218   1287033363   758561656   1463562576   1376526786   1066929168   532718500   802209283   1101551263   593385461   227740294   1958128662   1427985236   928572670   1878976318   1734437100   204226170   1624521724   153924501   1364375682   1482125618   2110576279   1738094254   974051344   1163376396   1606028842   1689102827   1497480839   422580406   2140125562   1295953682   2009941692   1331348168   989058300   104757195   795333916   512729898   692783414   1508176476   53265592   1605571998   1059514598   428418348   2108525110   1200994793   565211080   499429015   732323944   119980659   1351519175   1105653580   228981098   2131864999   1981941488   1500016593   1374267471   657276922   1425690034
829316246   990725503   1250799581   378042013   1654434516   243221569   1312866350   1219398887   1020450453   44421393   674718664   607309793   1943746626   2096086263   804074133   1876988081   522985846   284795575   373992497   1684682505   139218625   1308107798   1034728524   715270262   184274476   326936347   455843100   2101865931   1992364476   1100071249   584280002   839124137   1007800907   1583100543   1633285020   281564814   1315626616   430340325   720284910   488414226   1232827674   1332707669   1087538922   543417471   205025736   329445409   1144649599   187307530   1610458291   832630403   954705487   1548137295   493053678   793110199   1222891132   1826107469   1008029790   1072802896   1439909995   543026897   1162024963   860640969   2086397550   910288479   963677764   105309740   359160703   1639716405   1249335413   1435409464   239773210   2097308377   1241787430   1697405913   528720452   922858404   1170252303   325059227   1893250549   1882204729   1929929114   71949556   1545743194   1184608018   1720321666   184808841   1220258252   199953773   1971046648   47726982   1177163490   1743827155   1746397955   345936978   2045335317   1074688515
2042890636   1206934726   165950301   1003705941   639889460   952075455   1194502280   281442917   477159527   810778442   299164974   1860072002   10913134   1506888572   622627320   974468913   105312277   1517844550   1979522708   1728769438   1793582026   2038027034   2047131412   537081808   1285220455   583417538   475601801   1465543341   1745478702   972941427   1275208683   1156512939   125881118   520000829   1908435703   1967721115   1595488253   156212612   646496641   1428439168   1042042376   1581757588   154360910   1368366860   91904734   1916460080   588421510   2106361516   725950056   1604132357   971182281   71708059   1375422200   749571215   1204837605   139199150   1712399328   515942487   1206573896   673459814   706862729   1438765824   2019753168   597305868   1607704800   1555652936   1710985572   1147315896   529528298   1322875018   1723267972   37389209   1376429279   1417756966   1810251477   21544585   722251896   462325487   2054097347   103890012   85777631   529293131   79888460   1046213095   383028463   467424095   1053988588   1962559340   1590131749   17504232   1548247735   1420653450   772688640   381726258   757581773   1766424688   206603852
1640466086   1798145238   171148189   1920286596   1939565887   1316512202   1764669429   1711146293   363669203   1534599502   539052281   1080288579   1602028598   1976307389   198723538   1348022116   2017432080   1543782698   1637769119   508709318   1060003012   842684936   230862666   216061440   2119628519   2044932706   1819474884   1231155659   1126092156   121051019   983573803   480918939   636009289   87206434   157748528   1060336347   1667914939   702074363   939623730   1853642871   1550060669   1176085165   1443748742   1439681813   1335605712   258350684   2052277027   888689127   307337171   1162930138   253518292   1119736434   1487110370   204113441   920048250   1526456430   583389406   1269527230   1105591407   1478986702   344595572   2095710924   955283502   1655721811   213899555   2017880842   1508998026   419008591   775823459   2033375341   2065494012   252076479   1671710945   578596217   2010196491   2128989948   406798661   1253785407   329829629   424391211   1204772208   1401532323   607955835   996670251   1468793292   638186604   1030441531   1656907653   1458638668   1577536012   881486270   1273483942   1760561656   1891403551   166361946   486170068   486845197   696197699
1641572025   763983219   798212501   354493105   1648971974   1789676854   557988579   285378600   1726412572   271267115   653283975   1719088603   985454272   684799743   729447391   1619719770   1984010556   1510639832   1582231217   911266515   1000682058   724854565   93763418   1338920108   170613829   1960914584   1092559318   137794298   881507079   1424613541   534578029   1905850199   391800097   1688502536   614792875   965218565   1597420946   1510474838   1930858952   1517353251   655661522   1174617297   1778188480   504267072   443437681   2038665316   1015446678   1415228683   1438146575   499784597   1132735579   1807354558   2103907300   745869618   394507988   1885561130   1366208573   746666311   420292610   901419287   1061846756   303855952   766412409   1370544597   755563160   1593361147   763193165   1138070853   533951574   1044153787   231702298   971577221   2071476528   472142372   1635611273   736872618   186329248   1433029237   1255722569   2104776936   1502723013   1904231860   1877384031   1810211764   432552516   485532779   622146574   286442048   1169949629   1593063970   1476947598   1732010788   1965288578   1922136694   1200358171   590586500   1505304011   964604320   1237549492
491402207   878060550   1786029814   1365709929   241188714   626386958   2127922451   873523565   1180377953   314057393   1198814452   1646122615   1755374521   114292692   1415411122   1961674269   1267614466   1072555207   456480933   167180140   1191957956   1904695837   1030244121   1401772087   1652176181   841641160   1102914705   877477927   816622824   1744842232   766470564   953353190   921408687   554339513   1217255437   2037223966   567316344   90618317   2106254271   1577910587   1306661372   1356969320   497977061   881846237   958834053   241203370   873968172   1841496120   1616275813   1207735407   1288374331   303849318   639319168   1617131185   1782515696   2070782025   1386343869   1871417297   247019097   1917747620   1339157290   687803589   784948835   524018710   162787450   1322289008   117731590   661319722   1108702452   960469102   6420958   1860331919   1044929183   1047656560   985040596   794059263   849108163   1702769871   1975110232   1514621981   531264568   88824176   2033414135   32188343   464656489   1801751491   795834066   887205178   1326194925   765522207   288591710   1853879343   43619423   125586086   503201150   289882459   1753997479   737773095   1143517269   4000722
